gauge_id;graph_depth;n_upstream;total_upstream_area;in_degree;frac_upstream_area
01013500;0;0;0.0;0;0.0
01022500;0;0;0.0;0;0.0
01030500;3;7;2744.94;2;0.7467
01031500;2;3;863.01;2;1.1222
01047000;2;5;1066.79;4;1.1735
01052500;1;1;228.55;1;0.5955
01054200;1;1;22.8;1;0.126
01055000;0;0;0.0;0;0.0
01057000;1;1;22.8;1;0.1194
01073000;0;0;0.0;0;0.0
01078000;1;1;22.8;1;0.1025
01118300;0;0;0.0;0;0.0
01121000;0;0;0.0;0;0.0
01123000;1;1;49.71;1;0.6385
01134500;1;1;22.8;1;0.1168
01137500;0;0;0.0;0;0.0
01139000;1;1;22.8;1;0.0926
01139800;0;0;0.0;0;0.0
01142500;1;1;22.8;1;0.2775
01144000;3;7;662.4;4;0.37
01162500;0;0;0.0;0;0.0
01169000;3;5;313.91;3;1.361
01170100;0;0;0.0;0;0.0
01181000;3;6;413.48;5;1.6981
01187300;1;1;9.7;1;0.1799
01195100;0;0;0.0;0;0.0
01333000;2;3;117.91;3;1.0513
01350000;1;2;74.15;2;0.1211
01350080;1;1;9.7;1;0.1157
01350140;1;1;9.7;1;0.2217
01365000;2;3;117.91;3;1.1842
01411300;2;2;14.38;2;0.1813
01413500;1;2;74.15;2;0.1748
01414500;0;0;0.0;0;0.0
01415000;1;1;9.7;1;0.1133
01423000;2;4;583.88;4;0.6792
01434025;0;0;0.0;0;0.0
01435000;2;5;287.38;5;1.6664
01439500;4;10;826.74;7;2.7028
01440000;3;8;479.07;6;2.8564
01440400;3;7;395.23;5;2.2558
01451800;2;2;92.12;1;0.6782
01466500;0;0;0.0;0;0.0
01484100;1;1;5.38;1;0.5978
01485500;2;4;105.56;2;0.7458
01486000;0;0;0.0;0;0.0
01487000;3;8;298.28;4;1.5916
01491000;4;8;385.15;5;1.3188
01510000;4;13;1234.15;10;3.2224
01516500;0;0;0.0;0;0.0
01518862;2;2;131.58;2;0.5625
01532000;4;13;1761.71;9;3.1803
01539000;5;21;2816.44;10;4.0133
01542810;0;0;0.0;0;0.0
01543000;4;7;1156.41;7;1.6391
01543500;4;8;1907.29;8;1.0726
01544500;3;5;546.91;5;1.5403
01545600;2;3;112.43;3;0.9369
01547700;2;4;126.05;4;1.1102
01548500;4;8;1907.29;8;1.2249
01549500;2;3;112.43;3;1.1532
01550000;4;11;1324.94;11;2.9269
01552000;5;17;3785.65;13;3.3516
01552500;1;1;31.48;1;0.5191
01557500;1;2;33.93;2;0.2943
01567500;0;0;0.0;0;0.0
01568000;4;13;1461.33;7;2.7346
01580000;3;7;373.45;3;1.5282
01583500;3;4;145.49;3;0.9335
01586610;2;3;72.79;2;1.0012
01591400;2;3;72.79;2;1.2318
01594950;0;0;0.0;0;0.0
01596500;2;2;50.86;2;0.408
01605500;2;4;592.66;4;1.2777
01606500;3;8;2218.54;8;1.317
01613050;1;1;6.12;1;0.2194
01620500;1;1;6.12;1;0.1368
01632000;3;11;2011.08;10;3.7012
01632900;3;6;620.73;6;2.5331
01634500;3;5;464.39;5;1.7592
01638480;3;6;314.88;4;1.3572
01639500;2;6;222.02;3;0.831
01644000;5;36;6530.22;9;7.6006
01658500;0;0;0.0;0;0.0
01664000;4;19;4167.42;8;2.5964
01666500;4;14;2278.06;9;4.9186
01667500;5;20;4630.57;10;3.8277
01669000;1;1;19.34;1;0.2692
01669520;2;2;91.18;2;0.3287
02011400;2;5;637.4;5;1.5633
02011460;1;1;6.12;1;0.0391
02013000;3;7;1073.48;5;2.5271
02014000;2;5;516.61;4;1.302
02015700;2;3;207.2;3;0.726
02016000;5;26;7426.06;15;6.2166
02017500;2;4;309.2;3;1.1197
02018000;4;16;4436.84;14;5.2055
02027000;2;4;237.74;3;0.9874
02027500;2;3;81.4;2;0.66
02028500;2;4;237.74;3;0.9686
02038850;0;0;0.0;0;0.0
02046000;3;7;391.13;3;1.3556
02051000;1;3;72.11;3;0.4979
02051500;5;23;4122.27;8;2.8853
02053200;4;11;1048.22;3;1.7959
02053800;2;3;264.46;2;0.9421
02055100;0;0;0.0;0;0.0
02056900;2;3;264.46;2;0.8871
02059500;3;19;2913.26;13;6.0016
02064000;3;15;2265.15;11;5.2953
02065500;3;7;368.0;6;1.457
02069700;2;4;278.09;3;1.2576
02070000;2;4;278.09;3;1.0276
02074500;3;5;306.74;3;1.0631
02077200;1;1;30.54;1;0.251
02081500;4;15;1778.17;8;4.151
02082950;4;10;1053.92;5;2.2869
02092500;0;0;0.0;0;0.0
02096846;0;0;0.0;0;0.0
02102908;0;0;0.0;0;0.0
02108000;1;1;19.73;1;0.0126
02111180;1;1;14.08;1;0.1071
02111500;2;5;432.66;4;1.8517
02112120;3;6;630.82;5;1.9574
02112360;2;6;499.14;4;2.4313
02118500;3;18;2594.01;12;6.4764
02125000;2;2;80.56;1;0.5573
02128000;0;0;0.0;0;0.0
02137727;3;9;1084.33;9;3.2904
02140991;4;12;1780.94;11;3.4118
02143000;2;7;632.57;7;2.9195
02143040;1;1;14.08;1;0.2118
02149000;2;8;792.11;8;3.8857
02152100;1;3;189.03;3;1.2196
02177000;3;9;1069.97;8;2.0312
02178400;1;2;87.03;2;0.5753
02193340;0;0;0.0;0;0.0
02196000;1;2;578.67;2;0.4109
02198100;0;0;0.0;0;0.0
02202600;1;2;208.6;2;0.3533
02212600;1;1;87.87;1;0.4675
02215100;2;3;398.7;2;0.9486
02216180;0;0;0.0;0;0.0
02221525;0;0;0.0;0;0.0
02231000;1;1;348.43;1;0.1993
02231342;0;0;0.0;0;0.0
02235200;0;0;0.0;0;0.0
02245500;0;0;0.0;0;0.0
02246000;0;0;0.0;0;0.0
02296500;2;3;681.35;3;0.7687
02297155;0;0;0.0;0;0.0
02297310;2;2;267.87;2;0.507
02298123;3;5;765.61;5;1.4161
02298608;2;3;341.71;3;1.094
02299950;1;1;93.6;1;0.5371
02300700;0;0;0.0;0;0.0
02310947;0;0;0.0;0;0.0
02312200;1;1;93.6;1;0.2264
02314500;1;1;129.11;1;0.0389
02315500;2;3;3799.69;2;0.6192
02324400;0;0;0.0;0;0.0
02327100;1;1;176.27;1;0.6502
02342933;0;0;0.0;0;0.0
02349900;0;0;0.0;0;0.0
02350900;0;0;0.0;0;0.0
02361000;2;4;2645.28;2;1.4848
02363000;0;0;0.0;0;0.0
02369800;0;0;0.0;0;0.0
02371500;1;3;1500.06;3;1.1603
02372250;1;3;1500.06;3;1.3098
02374500;0;0;0.0;0;0.0
02381600;0;0;0.0;0;0.0
02384540;1;1;10.32;1;0.4829
02395120;2;2;31.69;2;0.3772
02408540;0;0;0.0;0;0.0
02415000;0;0;0.0;0;0.0
02422500;0;0;0.0;0;0.0
02427250;1;1;445.72;1;0.6601
02430085;0;0;0.0;0;0.0
02430615;1;1;15.82;1;0.551
02450250;0;0;0.0;0;0.0
02464000;1;2;272.39;2;0.4705
02464146;0;0;0.0;0;0.0
02464360;2;3;85.09;3;0.5725
02465493;1;1;15.82;1;0.1896
02469800;2;2;99.24;1;0.2348
02472000;1;1;479.3;1;0.2487
02472500;1;1;479.3;1;0.6068
02479155;0;0;0.0;0;0.0
02479300;3;4;659.2;2;0.5761
02479560;3;6;1928.44;3;1.326
02481000;1;1;137.28;1;0.5508
02481510;1;1;137.28;1;0.1715
03010655;0;0;0.0;0;0.0
03011800;1;1;31.48;1;0.3145
03015500;4;11;1547.14;9;1.9713
03021350;2;4;165.51;3;0.6906
03026500;0;0;0.0;0;0.0
03028000;2;3;151.89;3;0.9428
03049000;3;11;906.31;7;2.5376
03049800;1;1;6.12;1;0.411
03050000;1;2;430.2;2;0.8828
03066000;0;0;0.0;0;0.0
03069500;2;5;1592.23;5;0.8575
03070500;3;6;687.18;6;1.3282
03076600;1;1;6.12;1;0.048
03078000;1;1;6.12;1;0.0379
03140000;0;0;0.0;0;0.0
03144000;0;0;0.0;0;0.0
03159540;1;3;310.71;3;0.7751
03161000;3;7;893.4;4;1.6925
03164000;4;10;2784.28;6;0.9429
03165000;0;0;0.0;0;0.0
03170000;4;15;2796.06;6;3.5186
03173000;3;11;2043.48;6;2.6425
03180500;1;2;430.2;2;1.2467
03182500;2;5;1592.23;5;1.1665
03186500;1;1;207.41;1;0.6291
03187500;0;0;0.0;0;0.0
03213700;4;17;4675.87;4;1.9281
03237280;0;0;0.0;0;0.0
03237500;2;2;739.41;2;0.737
03238500;1;1;170.91;1;0.3006
03241500;0;0;0.0;0;0.0
03280700;0;0;0.0;0;0.0
03281100;1;1;158.22;1;0.3743
03281500;2;2;580.94;2;0.316
03285000;2;2;580.94;2;0.7064
03291780;1;1;29.72;1;0.4162
03300400;1;1;29.72;1;0.0263
03338780;2;3;602.49;2;0.8712
03340800;1;1;237.09;1;0.6629
03346000;3;7;1213.52;6;1.4895
03357350;0;0;0.0;0;0.0
03364500;0;0;0.0;0;0.0
03366500;2;4;345.97;4;0.4581
03368000;0;0;0.0;0;0.0
03384450;0;0;0.0;0;0.0
03439000;2;3;199.19;3;1.1148
03450000;0;0;0.0;0;0.0
03455500;0;0;0.0;0;0.0
03456500;1;1;72.95;1;0.5467
03460000;1;1;72.95;1;0.5743
03463300;1;1;72.95;1;0.6504
03471500;2;2;185.11;1;0.9341
03473000;3;6;879.32;3;1.1204
03479000;2;3;333.4;3;1.4151
03488000;3;6;879.32;3;1.5208
03498500;4;10;1431.11;9;2.0539
03500000;3;8;918.69;8;2.5439
03500240;1;1;72.95;1;0.5001
03504000;1;1;72.95;1;0.5423
03574500;2;2;31.69;1;0.0389
03592718;0;0;0.0;0;0.0
03604000;0;0;0.0;0;0.0
04015330;0;0;0.0;0;0.0
04024430;0;0;0.0;0;0.0
04027000;1;1;220.44;1;0.1361
04040500;0;0;0.0;0;0.0
04043050;0;0;0.0;0;0.0
04045500;0;0;0.0;0;0.0
04056500;3;8;5248.12;5;1.7815
04057510;1;1;115.87;1;0.2447
04057800;0;0;0.0;0;0.0
04059500;2;4;1118.71;3;0.9446
04063700;1;2;336.31;2;0.9276
04074950;1;1;220.44;1;0.1829
04105700;0;0;0.0;0;0.0
04115265;0;0;0.0;0;0.0
04122200;1;2;193.82;2;0.1849
04122500;0;0;0.0;0;0.0
04124000;1;1;487.16;1;0.2171
04127918;0;0;0.0;0;0.0
04127997;0;0;0.0;0;0.0
04161580;0;0;0.0;0;0.0
04185000;2;7;1794.2;4;1.6863
04196800;1;4;992.88;4;1.6328
04197100;0;0;0.0;0;0.0
04197170;0;0;0.0;0;0.0
04213000;3;6;416.83;2;0.9155
04213075;0;0;0.0;0;0.0
04216418;2;3;151.89;2;0.7731
04221000;0;0;0.0;0;0.0
04224775;3;5;310.02;4;1.3372
04233000;2;2;92.12;2;1.0024
04256000;0;0;0.0;0;0.0
04296000;2;3;398.91;3;1.3201
05056000;1;2;4318.93;2;0.8883
05057000;2;4;12423.56;3;1.6385
05057200;0;0;0.0;0;0.0
05062500;0;0;0.0;0;0.0
05087500;0;0;0.0;0;0.0
05120500;0;0;0.0;0;0.0
05123400;1;1;1509.83;1;0.4709
05129115;0;0;0.0;0;0.0
05131500;1;1;2357.59;1;0.5378
05291000;1;1;175.28;1;0.1674
05362000;1;1;220.44;1;0.1492
05393500;0;0;0.0;0;0.0
05399500;1;1;220.44;1;0.3825
05408000;0;0;0.0;0;0.0
05412500;1;2;1466.09;2;0.38
05413500;1;1;370.79;1;0.5333
05414000;0;0;0.0;0;0.0
05444000;0;0;0.0;0;0.0
05454000;0;0;0.0;0;0.0
05458000;0;0;0.0;0;0.0
05466500;1;2;441.73;2;0.3836
05487980;1;1;481.42;1;0.5454
05488200;0;0;0.0;0;0.0
05489000;1;2;715.63;2;0.7418
05495000;0;0;0.0;0;0.0
05495500;2;3;1024.42;3;1.1313
05501000;2;3;1024.42;3;1.1101
05503800;0;0;0.0;0;0.0
05507600;0;0;0.0;0;0.0
05508805;1;2;488.02;2;0.9098
05514500;1;2;488.02;2;0.2027
05525500;2;3;602.49;2;0.5199
05556500;0;0;0.0;0;0.0
05584500;3;6;3880.36;6;2.2884
05585000;3;9;5473.66;7;1.6317
05591550;0;0;0.0;0;0.0
05592050;2;2;241.66;2;0.951
05592575;0;0;0.0;0;0.0
05593575;1;3;322.59;3;1.482
05593900;1;1;96.21;1;0.6615
05595730;2;4;468.04;4;1.9769
06037500;0;0;0.0;0;0.0
06043500;1;1;1126.25;1;0.5311
06154410;0;0;0.0;0;0.0
06188000;3;4;2358.49;2;1.3631
06191500;4;5;4088.77;3;0.6027
06221400;0;0;0.0;0;0.0
06224000;1;1;227.88;1;0.47
06278300;0;0;0.0;0;0.0
06280300;2;2;712.74;2;0.8977
06289000;1;2;120.08;2;0.2548
06291500;1;2;120.08;2;0.5509
06311000;0;0;0.0;0;0.0
06332515;0;0;0.0;0;0.0
06339100;0;0;0.0;0;0.0
06339500;1;4;3874.52;4;1.2217
06344600;0;0;0.0;0;0.0
06350000;0;0;0.0;0;0.0
06352000;0;0;0.0;0;0.0
06353000;1;2;2942.88;2;0.6501
06354000;2;3;7469.39;3;0.7048
06360500;0;0;0.0;0;0.0
06404000;1;1;20.8;1;0.137
06406000;2;3;377.96;3;0.8662
06408700;0;0;0.0;0;0.0
06409000;1;1;20.8;1;0.1013
06431500;2;2;226.13;2;0.5295
06440200;2;2;172.63;1;0.2659
06441500;5;7;6401.37;2;0.7852
06447000;3;4;814.3;2;0.0634
06447500;3;4;814.3;1;0.9851
06450500;4;5;1640.91;1;0.3991
06452000;0;0;0.0;0;0.0
06453600;0;0;0.0;0;0.0
06464500;0;0;0.0;0;0.0
06468170;0;0;0.0;0;0.0
06468250;0;0;0.0;0;0.0
06470800;1;1;175.28;1;0.1636
06477500;0;0;0.0;0;0.0
06479215;0;0;0.0;0;0.0
06479438;1;1;175.28;1;0.1841
06601000;0;0;0.0;0;0.0
06614800;0;0;0.0;0;0.0
06622700;1;2;12.93;2;0.131
06623800;1;2;12.93;2;0.0689
06632400;1;2;12.93;2;0.0793
06746095;0;0;0.0;0;0.0
06784000;0;0;0.0;0;0.0
06803510;0;0;0.0;0;0.0
06803530;0;0;0.0;0;0.0
06814000;1;1;11.51;1;0.0161
06847900;0;0;0.0;0;0.0
06853800;0;0;0.0;0;0.0
06876700;1;1;589.43;1;0.5579
06878000;1;2;287.02;2;0.3697
06879650;0;0;0.0;0;0.0
06885500;1;1;11.51;1;0.0108
06888500;1;1;275.51;1;0.3271
06889200;1;1;11.51;1;0.0298
06889500;2;5;1410.34;5;1.884
06892000;2;6;2124.17;5;1.9439
06903400;0;0;0.0;0;0.0
06906800;1;2;1036.21;2;0.7324
06910800;1;2;287.02;2;0.6456
06911900;1;1;11.51;1;0.0393
06917000;2;6;1667.92;4;2.1781
06918460;0;0;0.0;0;0.0
06919500;1;3;1686.9;3;1.5774
06921070;0;0;0.0;0;0.0
06921200;0;0;0.0;0;0.0
06934000;1;2;1377.12;2;0.1666
07014500;1;1;1053.5;1;0.274
07056000;0;0;0.0;0;0.0
07057500;0;0;0.0;0;0.0
07060710;1;1;69.77;1;0.465
07066000;0;0;0.0;0;0.0
07067000;1;1;1053.5;1;0.2422
07068000;1;2;2509.94;2;0.4719
07071500;1;1;1053.5;1;0.5206
07083000;1;1;15.65;1;0.2576
07142300;0;0;0.0;0;0.0
07145700;0;0;0.0;0;0.0
07148400;0;0;0.0;0;0.0
07149000;0;0;0.0;0;0.0
07151500;0;0;0.0;0;0.0
07167500;0;0;0.0;0;0.0
07180500;0;0;0.0;0;0.0
07184000;1;2;357.85;2;0.7005
07195800;0;0;0.0;0;0.0
07196900;0;0;0.0;0;0.0
07197000;1;3;247.15;3;0.3057
07208500;1;2;140.03;2;0.8795
07226500;0;0;0.0;0;0.0
07261000;2;3;338.83;3;0.76
07263295;1;1;69.77;1;0.5862
07290650;1;1;479.3;1;0.2838
07291000;0;0;0.0;0;0.0
07292500;1;1;479.3;1;0.2312
07295000;0;0;0.0;0;0.0
07299670;0;0;0.0;0;0.0
07301410;0;0;0.0;0;0.0
07301500;0;0;0.0;0;0.0
07315200;1;1;276.04;1;0.5503
07315700;2;2;777.66;1;0.5224
07335700;0;0;0.0;0;0.0
07340300;1;1;102.57;1;0.4451
07346045;0;0;0.0;0;0.0
07359610;1;1;102.57;1;0.2997
07362100;2;2;444.8;1;0.4466
07362587;0;0;0.0;0;0.0
07373000;0;0;0.0;0;0.0
07375000;1;1;137.28;1;0.5506
07376000;0;0;0.0;0;0.0
08013000;2;4;1370.61;3;1.0595
08014500;2;4;1035.21;3;0.7932
08023080;0;0;0.0;0;0.0
08025500;0;0;0.0;0;0.0
08029500;1;1;187.61;1;0.5627
08050800;0;0;0.0;0;0.0
08066200;0;0;0.0;0;0.0
08066300;0;0;0.0;0;0.0
08070000;1;1;364.12;1;0.4329
08070200;2;3;885.13;2;0.8946
08079600;0;0;0.0;0;0.0
08082700;0;0;0.0;0;0.0
08086212;0;0;0.0;0;0.0
08086290;0;0;0.0;0;0.0
08101000;1;1;557.52;1;0.4736
08103900;0;0;0.0;0;0.0
08104900;1;1;86.0;1;0.251
08109700;2;5;1013.49;5;1.6611
08150800;0;0;0.0;0;0.0
08155200;1;1;86.0;1;0.3695
08158700;1;1;86.0;1;0.2685
08158810;0;0;0.0;0;0.0
08164000;3;6;2457.85;2;1.1572
08164300;2;4;670.87;3;0.7787
08164600;0;0;0.0;0;0.0
08165300;0;0;0.0;0;0.0
08171300;2;5;1763.37;5;1.6519
08175000;3;6;1623.62;4;1.1421
08176900;0;0;0.0;0;0.0
08178880;1;2;993.51;2;1.168
08189500;3;6;2457.85;2;1.3592
08190000;2;2;1464.28;2;0.7465
08190500;1;1;435.99;1;0.2423
08194200;0;0;0.0;0;0.0
08195000;1;1;435.99;1;0.424
08196000;0;0;0.0;0;0.0
08198500;1;2;576.09;2;0.9227
08200000;0;0;0.0;0;0.0
08202700;1;1;249.11;1;0.573
08267500;0;0;0.0;0;0.0
08269000;1;1;96.26;1;0.5896
08271000;0;0;0.0;0;0.0
08324000;2;6;1085.35;6;0.8985
08377900;0;0;0.0;0;0.0
08378500;1;2;235.29;2;0.5288
08380500;1;2;140.03;2;0.707
09034900;0;0;0.0;0;0.0
09035800;1;2;12.93;2;0.5636
09035900;2;7;145.28;7;1.9945
09047700;1;2;24.55;2;1.0416
09065500;1;2;24.55;2;0.6498
09066000;1;1;15.65;1;0.4829
09066200;1;2;12.93;2;0.8031
09066300;1;2;12.93;2;0.8331
09081600;3;10;294.98;8;0.6814
09107000;2;6;179.07;5;0.54
09210500;0;0;0.0;0;0.0
09223000;0;0;0.0;0;0.0
09306242;0;0;0.0;0;0.0
09312600;0;0;0.0;0;0.0
09352900;0;0;0.0;0;0.0
09378170;0;0;0.0;0;0.0
09378630;0;0;0.0;0;0.0
09386900;0;0;0.0;0;0.0
09404450;0;0;0.0;0;0.0
09430500;1;1;128.97;1;0.0268
09430600;0;0;0.0;0;0.0
09447800;1;2;319.49;2;0.4086
09480000;0;0;0.0;0;0.0
09484000;0;0;0.0;0;0.0
09484600;2;4;1314.83;2;1.1147
09492400;0;0;0.0;0;0.0
09494000;1;1;128.97;1;0.0792
09497800;1;3;780.31;3;1.0392
09497980;1;2;414.65;2;0.8023
09505200;0;0;0.0;0;0.0
09505350;0;0;0.0;0;0.0
09505800;0;0;0.0;0;0.0
09508300;0;0;0.0;0;0.0
09510200;2;2;281.71;2;0.6624
09512280;1;1;93.0;1;0.4928
09513780;1;1;93.0;1;0.524
10023000;0;0;0.0;0;0.0
10166430;1;1;11.07;1;0.1578
10172700;1;1;11.07;1;0.1583
10172800;0;0;0.0;0;0.0
10173450;0;0;0.0;0;0.0
10205030;0;0;0.0;0;0.0
10234500;0;0;0.0;0;0.0
10242000;0;0;0.0;0;0.0
10244950;0;0;0.0;0;0.0
10249300;0;0;0.0;0;0.0
10258000;0;0;0.0;0;0.0
10258500;1;2;103.15;2;0.4271
10259000;0;0;0.0;0;0.0
10259200;1;2;66.15;2;0.8361
10263500;0;0;0.0;0;0.0
10310500;2;3;44.28;3;1.1213
10316500;0;0;0.0;0;0.0
10329500;0;0;0.0;0;0.0
10336645;0;0;0.0;0;0.0
10336660;1;2;25.14;2;0.8436
10336740;0;0;0.0;0;0.0
10343500;0;0;0.0;0;0.0
10348850;1;1;5.54;1;0.2894
10396000;0;0;0.0;0;0.0
11098000;0;0;0.0;0;0.0
11124500;0;0;0.0;0;0.0
11141280;0;0;0.0;0;0.0
11143000;0;0;0.0;0;0.0
11148900;3;4;548.31;3;1.3591
11151300;3;4;548.31;3;0.9015
11162500;0;0;0.0;0;0.0
11176400;2;4;187.47;2;0.5537
11180500;1;1;15.06;1;0.6192
11180960;0;0;0.0;0;0.0
11224500;2;3;300.87;2;1.2159
11230500;0;0;0.0;0;0.0
11237500;0;0;0.0;0;0.0
11253310;1;1;59.82;1;0.4967
11264500;1;1;135.53;1;0.2896
11266500;2;2;603.51;2;0.7244
11274500;3;7;555.17;4;1.5965
11274630;2;6;367.73;3;1.9619
11284400;1;2;25.14;2;0.6026
11299600;1;2;25.14;2;0.6736
11381500;0;0;0.0;0;0.0
11383500;0;0;0.0;0;0.0
11451100;0;0;0.0;0;0.0
11468500;2;3;243.73;3;0.8911
11473900;1;2;782.38;2;0.4064
11475560;0;0;0.0;0;0.0
11476600;1;1;16.79;1;0.2337
11478500;1;1;242.6;1;0.4238
11480390;0;0;0.0;0;0.0
11481200;1;1;16.79;1;0.1593
11482500;1;3;666.96;3;0.9289
11522500;1;1;382.94;1;0.1971
11523200;0;0;0.0;0;0.0
11528700;1;3;1165.32;3;0.5885
11532500;2;5;1407.1;4;0.8917
12010000;1;1;8.06;1;0.0567
12013500;3;11;920.59;5;2.7261
12020000;3;10;714.75;6;2.4293
12025000;3;21;2121.13;18;5.2387
12025700;2;5;181.94;5;1.7613
12035000;4;30;5020.7;19;6.5212
12040500;4;8;1803.83;4;1.5639
12041200;3;7;1148.03;3;1.7506
12043000;3;5;502.14;2;1.4892
12048000;1;1;240.88;1;0.5948
12054000;2;3;183.49;3;1.0688
12056500;2;2;80.69;2;0.549
12073500;0;0;0.0;0;0.0
12082500;1;2;219.3;2;0.6266
12092000;0;0;0.0;0;0.0
12095000;2;3;183.49;3;0.8914
12114500;1;1;14.13;1;0.2123
12115000;1;1;14.13;1;0.1375
12115500;1;1;14.13;1;0.407
12117000;1;1;14.13;1;0.3151
12141300;1;3;515.73;3;1.2845
12143600;1;2;83.81;2;0.5079
12144000;2;3;186.61;3;0.8882
12145500;2;3;93.7;3;1.1864
12147500;2;4;160.26;4;1.5576
12147600;0;0;0.0;0;0.0
12167000;3;19;3318.17;16;4.8529
12175500;1;1;58.1;1;0.2122
12178100;0;0;0.0;0;0.0
12186000;1;4;573.83;4;1.4402
12189500;3;8;2481.7;6;1.3376
12358500;2;3;229.46;3;0.0781
12374250;2;3;69.57;3;1.3698
12375900;0;0;0.0;0;0.0
12377150;1;2;37.39;2;1.1619
12381400;1;1;17.67;1;0.1171
12383500;0;0;0.0;0;0.0
12388400;1;1;17.67;1;0.2904
12390700;2;5;281.36;5;0.5983
12411000;3;7;802.38;4;0.925
12414500;3;6;751.59;2;0.2806
12447390;0;0;0.0;0;0.0
12451000;2;2;331.92;2;0.3996
12488500;0;0;0.0;0;0.0
13011500;1;1;227.88;1;0.5639
13011900;2;2;712.74;2;0.8367
13018300;0;0;0.0;0;0.0
13023000;2;3;1045.89;3;0.9001
13083000;0;0;0.0;0;0.0
13161500;1;1;64.78;1;0.0657
13235000;1;1;561.94;1;0.4831
13240000;0;0;0.0;0;0.0
13310700;1;1;561.94;1;0.6587
13313000;0;0;0.0;0;0.0
13331500;0;0;0.0;0;0.0
13337000;2;3;1540.64;3;0.5046
13338500;2;4;2159.57;4;0.7134
13340000;3;5;5212.99;2;0.3653
13340600;2;5;281.36;5;0.0839
14020000;0;0;0.0;0;0.0
14092750;0;0;0.0;0;0.0
14096850;2;3;335.13;3;0.8946
14137000;2;2;294.56;2;0.4369
14138800;0;0;0.0;0;0.0
14138870;0;0;0.0;0;0.0
14138900;0;0;0.0;0;0.0
14139800;1;3;56.99;3;1.4002
14141500;1;3;56.99;3;0.9519
14154500;2;4;502.89;4;0.9197
14158500;1;1;57.48;1;0.2424
14158790;0;0;0.0;0;0.0
14166500;2;6;276.88;4;1.2223
14182500;2;6;289.79;6;1.0102
14185000;2;3;335.13;3;0.7314
14185900;1;2;98.05;2;0.3797
14187000;1;3;119.34;3;0.8856
14216500;2;4;388.66;3;1.112
14222500;3;14;795.3;9;2.4555
14236200;3;19;1801.27;18;4.9898
14301000;4;30;4568.92;13;2.6205
14303200;0;0;0.0;0;0.0
14305500;3;10;857.63;5;1.6295
14306340;1;1;8.06;1;0.5472
14306500;3;14;2267.46;9;2.6453
14308990;0;0;0.0;0;0.0
14309500;1;1;41.42;1;0.1842
14316700;2;4;502.89;3;0.8554
14325000;2;3;434.1;3;0.9798
14362250;0;0;0.0;0;0.0
14400000;3;4;877.17;4;1.2484
