01030500
01031500
01047000
01052500
01054200
01055000
01057000
01078000
01134500
01137500
01139000
01139800
01142500
01144000
01169000
01181000
01187300
01333000
01350000
01350080
01350140
01365000
01411300
01413500
01414500
01415000
01423000
01434025
01435000
01439500
01440000
01440400
01451800
01466500
01484100
01485500
01487000
01491000
01510000
01516500
01518862
01532000
01539000
01542810
01543000
01543500
01544500
01545600
01547700
01548500
01549500
01550000
01552000
01552500
01557500
01567500
01568000
01580000
01583500
01586610
01591400
01594950
01596500
01605500
01606500
01613050
01620500
01632000
01632900
01634500
01638480
01639500
01644000
01658500
01664000
01666500
01667500
01669000
01669520
02011400
02011460
02013000
02014000
02015700
02016000
02017500
02018000
02027000
02027500
02028500
02038850
02046000
02051000
02051500
02053200
02053800
02055100
02056900
02059500
02064000
02065500
02069700
02070000
02074500
02077200
02081500
02082950
02096846
02111180
02111500
02112120
02112360
02118500
02125000
02128000
02137727
02140991
02143000
02143040
02149000
02152100
02177000
02178400
03010655
03011800
03015500
03021350
03026500
03028000
03049000
03049800
03050000
03066000
03069500
03070500
03076600
03078000
03140000
03144000
03159540
03161000
03164000
03165000
03170000
03173000
03180500
03182500
03186500
03187500
03213700
03237280
03237500
03238500
03241500
03439000
03450000
03455500
03456500
03460000
03463300
03471500
03473000
03479000
03488000
03498500
03500000
03500240
03504000
04105700
04115265
04122200
04185000
04196800
04197100
04197170
04213000
04213075
04216418
04221000
04224775
04233000
04256000
04296000
